{
  "accessors": [
    {
      "bufferView": 2,
      "componentType": 5126,
      "count": 16724,
      "max": [
        2.8520584106445312,
        10.000053405761719,
        3.6566028594970703
      ],
      "min": [
        -2.4994668960571289,
        4.3345069885253906,
        -2.8996829986572266
      ],
      "type": "VEC3"
    },
    {
      "bufferView": 2,
      "byteOffset": 200688,
      "componentType": 5126,
      "count": 16724,
      "max": [
        0.99998927116394043,
        0.99999845027923584,
        0.99996805191040039
      ],
      "min": [
        -0.99999356269836426,
        -0.91970998048782349,
        -0.99963057041168213
      ],
      "type": "VEC3"
    },
    {
      "bufferView": 1,
      "componentType": 5126,
      "count": 16724,
      "max": [
        0.99853515625,
        0.99853372573852539
      ],
      "min": [
        0.00146484375,
        0.0014662742614746094
      ],
      "type": "VEC2"
    },
    {
      "bufferView": 3,
      "componentType": 5126,
      "count": 16724,
      "max": [
        0.99970817565917969,
        0.99992907047271729,
        0.99950969219207764,
        1
      ],
      "min": [
        -0.99990934133529663,
        -0.97352880239486694,
        -0.99985718727111816,
        -1
      ],
      "type": "VEC4"
    },
    {
      "bufferView": 0,
      "componentType": 5125,
      "count": 90000,
      "max": [
        16723
      ],
      "min": [
        0
      ],
      "type": "SCALAR"
    }
  ],
  "asset": {
    "generator": "Sketchfab (OSG glTF plugin)",
    "version": "2.0"
  },
  "bufferViews": [
    {
      "buffer": 0,
      "byteLength": 360000,
      "byteOffset": 0,
      "name": "ScalarBufferView",
      "target": 34963
    },
    {
      "buffer": 0,
      "byteLength": 133792,
      "byteOffset": 360000,
      "byteStride": 8,
      "name": "Vec3BufferView",
      "target": 34962
    },
    {
      "buffer": 0,
      "byteLength": 401376,
      "byteOffset": 493792,
      "byteStride": 12,
      "name": "Vec4BufferView",
      "target": 34962
    },
    {
      "buffer": 0,
      "byteLength": 267584,
      "byteOffset": 895168,
      "byteStride": 16,
      "name": "MatrixBufferView",
      "target": 34962
    }
  ],
  "buffers": [
    {
      "byteLength": 1162752,
      "uri": "scene.bin"
    }
  ],
  "images": [
    {
      "uri": "textures/Material_0_normal.png"
    },
    {
      "uri": "textures/Material_0_baseColor.jpeg"
    }
  ],
  "materials": [
    {
      "doubleSided": true,
      "emissiveFactor": [
        0,
        0,
        0
      ],
      "name": "Material_0",
      "normalTexture": {
        "index": 0,
        "scale": 1,
        "texCoord": 0
      },
      "pbrMetallicRoughness": {
        "baseColorFactor": [
          1,
          1,
          1,
          1
        ],
        "baseColorTexture": {
          "index": 1,
          "texCoord": 0
        },
        "metallicFactor": 0,
        "roughnessFactor": 0.59999999999999998
      }
    }
  ],
  "meshes": [
    {
      "name": "mainMeshNode",
      "primitives": [
        {
          "attributes": {
            "NORMAL": 1,
            "POSITION": 0,
            "TANGENT": 3,
            "TEXCOORD_0": 2
          },
          "indices": 4,
          "material": 0,
          "mode": 4
        }
      ]
    }
  ],
  "nodes": [
    {
      "children": [
        1
      ],
      "name": "RootNode (gltf orientation matrix)",
      "rotation": [
        -0.70710678118654746,
        -0,
        -0,
        0.70710678118654757
      ]
    },
    {
      "children": [
        2
      ],
      "name": "RootNode (model correction matrix)"
    },
    {
      "children": [
        3
      ],
      "matrix": [
        1,
        0,
        0,
        0,
        0,
        0,
        1,
        0,
        0,
        -1,
        0,
        0,
        0,
        0,
        0,
        1
      ],
      "name": "f37a75f837a944328435054dc7f5c6cb.fbx"
    },
    {
      "children": [
        4,
        6,
        8,
        10,
        12,
        14,
        16,
        18,
        20,
        22,
        24,
        26,
        28,
        30,
        32,
        34,
        36,
        38,
        40,
        42,
        44,
        46,
        48,
        50,
        52,
        54
      ],
      "name": "RootNode"
    },
    {
      "children": [
        5
      ],
      "matrix": [
        0.91197653111530064,
        -0.1069748315373969,
        0.39604948189897771,
        0,
        -0.39965898004934147,
        -0.01380236427389625,
        0.9165599786191686,
        0,
        -0.092582430087048112,
        -0.99416592184503905,
        -0.055340884354883713,
        0,
        -6.7504329681396484,
        8.5466175079345703,
        -2.1899394989013672,
        1
      ],
      "name": "IMG_0341_jpg"
    },
    {
      "name": ""
    },
    {
      "children": [
        7
      ],
      "matrix": [
        0.98060634049397666,
        -0.12986341443139707,
        0.14678793743094259,
        0,
        -0.15396428479659494,
        -0.047010183717712151,
        0.98695746698320286,
        0,
        -0.1212691386548289,
        -0.99041684972492572,
        -0.066092811945549279,
        0,
        -6.6303400993347168,
        8.4509181976318359,
        -0.12234306335449219,
        1
      ],
      "name": "IMG_0342_jpg"
    },
    {
      "name": ""
    },
    {
      "children": [
        9
      ],
      "matrix": [
        0.94727437150387039,
        -0.1499045073798207,
        -0.28319587525096585,
        0,
        0.27481325513020755,
        -0.074395959355300745,
        0.9586151031755884,
        0,
        -0.1647693536331522,
        -0.98589749969193952,
        -0.029277640008981143,
        0,
        -5.9136338233947754,
        8.2762451171875,
        2.5523586273193359,
        1
      ],
      "name": "IMG_0343_jpg"
    },
    {
      "name": ""
    },
    {
      "children": [
        11
      ],
      "matrix": [
        0.79688251226294859,
        -0.17763551414982562,
        -0.57742868456824925,
        0,
        0.57666381898337182,
        -0.061283703544306567,
        0.81467978221839199,
        0,
        -0.18010303030489147,
        -0.98218630197769552,
        0.053600062335548371,
        0,
        -4.8156404495239258,
        8.1498050689697266,
        4.3041706085205078,
        1
      ],
      "name": "IMG_0344_jpg"
    },
    {
      "name": ""
    },
    {
      "children": [
        13
      ],
      "matrix": [
        0.57828106398632451,
        -0.20146311178035514,
        -0.79057170808638266,
        0,
        0.79788765882000046,
        -0.062494086608017918,
        0.5995579813844264,
        0,
        -0.17019487341745387,
        -0.97750043669085163,
        0.12460578370048148,
        0,
        -3.4553203582763672,
        8.0329055786132812,
        5.7901248931884766,
        1
      ],
      "name": "IMG_0345_jpg"
    },
    {
      "name": ""
    },
    {
      "children": [
        15
      ],
      "matrix": [
        0.19970560459709585,
        -0.16730828889775834,
        -0.96546652347899287,
        0,
        0.97242991989858596,
        -0.0872364040401723,
        0.21626340581838976,
        0,
        -0.12040648810815002,
        -0.9820375483026319,
        0.14527398715949746,
        0,
        -1.1218990087509155,
        7.9031887054443359,
        7.1213245391845703,
        1
      ],
      "name": "IMG_0346_jpg"
    },
    {
      "name": ""
    },
    {
      "children": [
        17
      ],
      "matrix": [
        -0.074880159795962298,
        -0.070253920477573173,
        -0.99471470700219489,
        0,
        0.99034937593858641,
        -0.12190061564358845,
        -0.06594204640263357,
        0,
        -0.11662364788919993,
        -0.9900528402884593,
        0.078703863880821512,
        0,
        0.90257728099822998,
        7.7989959716796875,
        7.4984073638916016,
        1
      ],
      "name": "IMG_0347_jpg"
    },
    {
      "name": ""
    },
    {
      "children": [
        19
      ],
      "matrix": [
        -0.41112149979640233,
        -0.11316367248450182,
        -0.90452921215125914,
        0,
        0.91128250075187855,
        -0.076392204733357394,
        -0.40463370457659575,
        0,
        -0.023309144741064713,
        -0.99063525794603002,
        0.13453055223867483,
        0,
        3.3845007419586182,
        7.9336700439453125,
        6.8342170715332031,
        1
      ],
      "name": "IMG_0348_jpg"
    },
    {
      "name": ""
    },
    {
      "children": [
        21
      ],
      "matrix": [
        -0.641567368079762,
        0.0062519923756808038,
        -0.76704121454230956,
        0,
        0.76557710404760049,
        -0.057069328963015753,
        -0.64080791930952341,
        0,
        -0.0477808536267052,
        -0.99835064195053513,
        0.031827436963378752,
        0,
        4.6418471336364746,
        7.9170475006103516,
        5.8104610443115234,
        1
      ],
      "name": "IMG_0349_jpg"
    },
    {
      "name": ""
    },
    {
      "children": [
        23
      ],
      "matrix": [
        -0.83382907338912426,
        0.0045356312174648639,
        -0.55200408007594803,
        0,
        0.5518916045026887,
        -0.014943342141612304,
        -0.83378195795128995,
        0,
        -0.012030513309183533,
        -0.99987805485223946,
        0.009957016341237912,
        0,
        5.9179410934448242,
        7.833770751953125,
        4.4691562652587891,
        1
      ],
      "name": "IMG_0350_jpg"
    },
    {
      "name": ""
    },
    {
      "children": [
        25
      ],
      "matrix": [
        -0.91085366665404721,
        -0.084940110191836643,
        -0.40389451051416458,
        0,
        0.4042816196254162,
        0.013362963781435089,
        -0.91453693377141765,
        0,
        0.083078095644569888,
        -0.99629644628472647,
        0.022168020761831664,
        0,
        6.5636634826660156,
        7.6961078643798828,
        3.0434112548828125,
        1
      ],
      "name": "IMG_0351_jpg"
    },
    {
      "name": ""
    },
    {
      "children": [
        27
      ],
      "matrix": [
        -0.97253941298707236,
        -0.059738049280072869,
        -0.2249410048323166,
        0,
        0.2268357872166607,
        -0.027010200330845224,
        -0.97355840847680297,
        0,
        0.052082778579474118,
        -0.99784859299710349,
        0.039819211809656307,
        0,
        7.1917319297790527,
        7.6937026977539062,
        2.1879463195800781,
        1
      ],
      "name": "IMG_0352_jpg"
    },
    {
      "name": ""
    },
    {
      "children": [
        29
      ],
      "matrix": [
        -0.98818691222324473,
        -0.12309151573879111,
        -0.091296797664632612,
        0,
        0.095579679932930137,
        -0.02933790476229392,
        -0.99498935277121303,
        0,
        0.11979629082157994,
        -0.9919615749096764,
        0.040756381194923419,
        0,
        7.4111618995666504,
        7.6279830932617188,
        0.57098197937011719,
        1
      ],
      "name": "IMG_0353_jpg"
    },
    {
      "name": ""
    },
    {
      "children": [
        31
      ],
      "matrix": [
        -0.99218884091029702,
        -0.10813501580161136,
        0.062194230686344359,
        0,
        -0.060024600768647442,
        -0.023207724945020214,
        -0.99792707589554897,
        0,
        0.10935424671975683,
        -0.99386529261286793,
        0.016535684560761488,
        0,
        7.6145014762878418,
        7.7137546539306641,
        -0.28553390502929688,
        1
      ],
      "name": "IMG_0354_jpg"
    },
    {
      "name": ""
    },
    {
      "children": [
        33
      ],
      "matrix": [
        -0.9778727090416135,
        -0.11582711378986268,
        0.17420977189218059,
        0,
        -0.1769829047813429,
        0.014025027201652551,
        -0.9841139923947585,
        0,
        0.11154378658972228,
        -0.99317036721959384,
        -0.034214110395031083,
        0,
        7.115694522857666,
        7.6812686920166016,
        -1.0086631774902344,
        1
      ],
      "name": "IMG_0355_jpg"
    },
    {
      "name": ""
    },
    {
      "children": [
        35
      ],
      "matrix": [
        -0.88842959377367148,
        -0.10996348439926748,
        0.44564659653802008,
        0,
        -0.45062870178370973,
        0.024232011722396418,
        -0.89238253161781123,
        0,
        0.087330579042378703,
        -0.99364019730818931,
        -0.071081138549302425,
        0,
        6.5266008377075195,
        7.844390869140625,
        -2.6448402404785156,
        1
      ],
      "name": "IMG_0356_jpg"
    },
    {
      "name": ""
    },
    {
      "children": [
        37
      ],
      "matrix": [
        -0.83362609916717001,
        -0.13563389931244163,
        0.5354166341687846,
        0,
        -0.55011895771394415,
        0.11725701949254852,
        -0.82681311294841464,
        0,
        0.04936252780248776,
        -0.9837958308190915,
        -0.17236329107998039,
        0,
        5.8905806541442871,
        7.9084129333496094,
        -3.2069416046142578,
        1
      ],
      "name": "IMG_0357_jpg"
    },
    {
      "name": ""
    },
    {
      "children": [
        39
      ],
      "matrix": [
        -0.65508100893172605,
        -0.14986438812656933,
        0.74054678239017502,
        0,
        -0.75185786577047442,
        0.032408167635642582,
        -0.65852825326599884,
        0,
        0.074690169474030899,
        -0.98817527587060638,
        -0.13390669416422574,
        0,
        4.9876036643981934,
        8.0052261352539062,
        -4.3014192581176758,
        1
      ],
      "name": "IMG_0358_jpg"
    },
    {
      "name": ""
    },
    {
      "children": [
        41
      ],
      "matrix": [
        -0.48595265173822266,
        -0.16198814875478346,
        0.85884216240912825,
        0,
        -0.87280744968564861,
        0.03895060639303205,
        -0.48650797119353445,
        0,
        0.045356102586347702,
        -0.98602367614809983,
        -0.1603126134574675,
        0,
        3.5398774147033691,
        7.9889640808105469,
        -4.9150905609130859,
        1
      ],
      "name": "IMG_0359_jpg"
    },
    {
      "name": ""
    },
    {
      "children": [
        43
      ],
      "matrix": [
        -0.24785015412728972,
        -0.19924325797023507,
        0.94808882772263781,
        0,
        -0.96840810996314652,
        0.023177457634989462,
        -0.24829123628349226,
        0,
        0.027496066203831993,
        -0.97967593091337346,
        -0.19869332332096601,
        0,
        1.9624907970428467,
        8.0498218536376953,
        -5.5118160247802734,
        1
      ],
      "name": "IMG_0360_jpg"
    },
    {
      "name": ""
    },
    {
      "children": [
        45
      ],
      "matrix": [
        -0.13739259338591481,
        -0.26522701364717993,
        0.95434684811890669,
        0,
        -0.99031575898213053,
        0.056186456665809459,
        -0.12695581750746249,
        0,
        -0.019949255483344253,
        -0.96254751223985813,
        -0.27037809431705195,
        0,
        0.69358068704605103,
        8.0629825592041016,
        -5.5133161544799805,
        1
      ],
      "name": "IMG_0361_jpg"
    },
    {
      "name": ""
    },
    {
      "children": [
        47
      ],
      "matrix": [
        0.064418776241601972,
        -0.2670071542944033,
        0.96153907919706483,
        0,
        -0.99791389593848345,
        -0.01313063740630005,
        0.063209513953059349,
        0,
        -0.0042517714440145071,
        -0.96360508815432744,
        -0.26729600917836205,
        0,
        -0.33107656240463257,
        8.1338653564453125,
        -5.5987434387207031,
        1
      ],
      "name": "IMG_0362_jpg"
    },
    {
      "name": ""
    },
    {
      "children": [
        49
      ],
      "matrix": [
        0.23446341720944763,
        -0.26810609746139991,
        0.93442283067917753,
        0,
        -0.96757238440451354,
        0.028556012428294864,
        0.25097457060817813,
        0,
        -0.093971202653966301,
        -0.96296608177973408,
        -0.25271671573830234,
        0,
        -1.1234982013702393,
        8.1680698394775391,
        -5.1360244750976562,
        1
      ],
      "name": "IMG_0363_jpg"
    },
    {
      "name": ""
    },
    {
      "children": [
        51
      ],
      "matrix": [
        0.50385279469417754,
        -0.24565702991278421,
        0.82812135881964588,
        0,
        -0.86002577368061828,
        -0.05326923456431687,
        0.5074623702837342,
        0,
        -0.080548307765719307,
        -0.96789204578990184,
        -0.23811122991727585,
        0,
        -2.645038366317749,
        8.4092311859130859,
        -4.5789833068847656,
        1
      ],
      "name": "IMG_0364_jpg"
    },
    {
      "name": ""
    },
    {
      "children": [
        53
      ],
      "matrix": [
        0.70780157158007151,
        -0.036679902175667078,
        0.70545837584166815,
        0,
        -0.7053765232085657,
        0.017335572291364065,
        0.70862080017420226,
        0,
        -0.038221666302984236,
        -0.99917669243718565,
        -0.013602996556234981,
        0,
        -3.9459490776062012,
        8.7913398742675781,
        -3.4809665679931641,
        1
      ],
      "name": "IMG_0365_jpg"
    },
    {
      "name": ""
    },
    {
      "children": [
        55
      ],
      "name": "mainMeshNode"
    },
    {
      "mesh": 0,
      "name": "mainMeshNode"
    }
  ],
  "samplers": [
    {
      "magFilter": 9729,
      "minFilter": 9987,
      "wrapS": 10497,
      "wrapT": 10497
    }
  ],
  "scene": 0,
  "scenes": [
    {
      "name": "OSG_Scene",
      "nodes": [
        0
      ]
    }
  ],
  "textures": [
    {
      "sampler": 0,
      "source": 0
    },
    {
      "sampler": 0,
      "source": 1
    }
  ]
}

